---
a_v: 0.032
dist_mpc: 278.82235323
label: SN 2018byg +18d MOSFIRE
r_v: 3.1
scale_factor: 2
t: 15
z: 0.066304
