---
a_v: 0.032
dist_mpc: 278.82235323
label: SN 2018byg
r_v: 3.1
timecorrection: -18
z: 0.066304
