---
a_v: 0.032
dist_mpc: 278.82235323
label: SN 2018byg +27d
r_v: 3.1
t: 27
z: 0.066304
