---
a_v: 0.032
dist_mpc: 278.82235323
label: SN 2018byg -10d
r_v: 3.1
t: -10
z: 0.066304
